PART 1. Data
  1.1. Labyrinth.

    7 |  1  1  1  1  1  0  1
    6 |  0  0  0  0  0  0  0
    5 |  1  1  1  1  0  1  1
    4 |  1  0  0  0  2  1  1
    3 |  1  0  1  0  0  0  1
    2 |  1  0  0  0  1  0  1
    1 |  1  1  1  1  1  1  1
      ------------------------> X, U
         1  2  3  4  5  6  7  

    1.2 Initial position: X=5, Y=4, L=2

PART 3. Results 
  3.1. Path is found.
  3.2. Path graphically:
    7 |  1  1  1  1  1  0  1
    6 |  0  0  6  5  4  5  6
    5 |  1  1  1  1  3  1  1
    4 |  1  5  4  3  2  1  1
    3 |  1  6  1  4  3  4  1
    2 |  1  0  6  5  1  5  1
    1 |  1  1  1  1  1  1  1
      ------------------------> X, U
         1  2  3  4  5  6  7  

  3.3. Rules: R4, R4, R3, R3,

  3.4. Nodes: [X=5, Y=4], [X=5, Y=5], [X=5, Y=6], [X=6, Y=6], [X=7, Y=6],
